rotC = 100000;
rotK = 1000000;
traC = 10 * rotC;
traK = 10 * rotK;